190 217 49 197 10 181 184 233 20 4 66 171 242 141 245 59 228 39 167 151
79 183 81 57 175 245 173 29 78 229 42 28 199 173 235 34 21 238 48 157
117 202 25 56 189 95 231 68 76 160 136 215 109 6 15 47 156 58 92 137
186 7 229 162 101 207 124 151 144 191 179 186 73 147 166 203 215 97 42 3
171 140 69 228 60 67 213 77 182 147 77 253 131 125 14 74 36 152 24 187
159 76 49 204 146 106 203 246 82 61 138 109 249 131 190 179 4 185 90 107
96 245 84 173 40 252 108 212 225 24 208 93 39 8 32 229 218 18 120 18
202 94 140 229 224 135 246 69 73 99 21 191 92 183 73 111 119 247 62 164
140 168 247 212 232 59 141 87 87 107 119 165 169 146 18 166 163 75 137 52
49 207 114 164 89 150 247 171 32 22 125 194 40 225 128 112 113 167 175 53
129 8 158 229 20 180 86 191 63 11 54 218 95 53 167 183 129 237 120 131
222 117 125 179 193 54 241 92 25 210 53 193 160 46 44 169 56 223 113 149
210 104 110 129 159 179 137 120 83 138 219 31 1 208 140 42 149 196 166 26
219 197 165 66 30 255 174 90 189 231 80 207 34 122 93 213 88 84 15 157
87 95 46 78 114 218 187 186 188 43 122 23 59 151 175 232 36 132 133 121
240 199 86 241 66 165 134 38 91 133 180 200 143 58 66 108 119 90 12 63
168 185 120 79 20 253 216 25 32 192 11 36 134 116 204 199 145 193 85 143
100 81 53 126 136 116 177 36 192 241 183 106 15 21 104 192 151 79 17 85
184 83 242 206 62 119 68 160 124 196 40 118 167 13 65 31 227 104 195 66
97 90 118 55 127 101 83 210 62 144 111 161 95 26 239 155 50 168 35 79
